#name           RA            DEC         epoch    RA_OFFSET DEC_OFFSET 
BD284211        21 51 11.07   +28 51 51.8    2000.0
2019cvz         16 30 54.10   +46 35 18.8    2000.0 
2019cvz_S2      16 30 56.96   +46 34 33.9    2000.0  raoffset=-29.52  decoffset=44.85
2019cvz_S3      16 30 51.75   +46 34 30.4    2000.0  raoffset=24.17  decoffset=48.38  
2019cbc         18 06 09.16   +65 20 47.1    2000.0  
2019cbc_S1      18 06 14.49   +65 20 33.4    2000.0  raoffset=-33.73  decoffset=13.70
2019cbc_S2      18 06 07.76   +65 20 50.9    2000.0  raoffset=8.80 decoffset=-3.85
2019cmv         18 57 52.98   +45 35 24.0    2000.0
2019cmv_S1      18 57 51.23   +45 35 19.5    2000.0  raoffset=18.44  decoffset=4.57
2019cmv_S2      18 57 55.64   +45 34 52.9    2000.0  raoffset=-27.92  decoffset=31.12
2019kbj         22 11 21.90   +19 37 03.4    2000.0
2019kbj_S1      22 11 23.86   +19 36 58.6    2000.0  raoffset=-27.62  decoffset=4.80
2019kbj_S2      22 11 22.79   +19 36 46.9    2000.0  raoffset=-12.52  decoffset=16.51
2018ilu         23 33 20.95   +04 48 35.0    2000.0
2018ilu_S1      23 33 22.18   +04 48 29.4    2000.0  raoffset=-18.40  decoffset= 5.59
2018ilu_S2      23 33 16.79   +04 47 49.5    2000.0  raoffset=62.18  decoffset=45.56
2017gmr         02 35 30.15   -09 21 15.4    2000.0
2017gmr_S1      02 35 24.43   -09 20 19.7    2000.0  raoffset=84.56  decoffset=-55.68
2017gmr_S2      02 35 33.89   -09 19 07.6    2000.0  raoffset=-55.46  decoffset=-127.81
#Backup
2019hnl         23 43 10.25   -02 56 58.6    2000.0 
2019hnl_S1      23 43 08.72   -02 56 52.4    2000.0  raoffset=22.93  decoffset=-6.11 
2019hnl_S2      23 43 15.16   -02 57 23.6    2000.0  raoffset=-73.51  decoffset=25.00 