#name           RA            DEC             epoch       RA_OFFSET             DEC_OFFSET  
Hiltner600      06 45 13.33   +02 08 14.1     2000.0      
2023cr          03 42 13.07   -27 52 16.6     2000.0
2023cr_S1       03 42 15.092  -27 52 56.26    2000.0      raoffset=-26.68       decoffset=39.83
2023cr_S3       03 42 12.398  -27 53 18.24    2000.0      raoffset=9.04         decoffset=61.81
2023zcu         06 01 06.84   -23 40 29.2     2000.0
2023xgo         05 04 19.19   +67 37 21.1     2000.0
2023xgo_S1      05 04 20.305  +67 37 40.629   2000.0      raoffset=-6.36        decoffset=-19.23
2023xgo_S2      05 04 27.321  +67 36 22.462   2000.0      raoffset=-46.46       decoffset=58.94
2023plg         07 17 03.16   +24 57 31.7     2000.0
2023plg_S1      07 17 05.48   +24 57 18.274   2000.0      raoffset=-31.55       decoffset=13.14
2023plg_S2      07 17 05.171  +24 58 05.124   2000.0      raoffset=-27.35       decoffset=-33.71
2023ufx         08 24 51.57   +21 17 43.3     2000.0      
2023ufx_S1      08 24 51.041  +21 18 28.507   2000.0      raoffset=7.55         decoffset=-45.23
2023ufx_S2      08 24 43.418  +21 17 30.080   2000.0      raoffset=114.09       decoffset=13.20
2022xus         06 54 05.13   +08 34 13.5     2000.0      
2022xus_S1      06 54 03.986  +08 34 13.571   2000.0      raoffset=17.15        decoffset=-0.17
2022xus_S2      06 54 04.620  +08 33 45.800   2000.0      raoffset=7.74         decoffset=27.60
2023tsz         08 37 29.53   -00 02 35.7     2000.0
2023tsz_S1      08 37 28.949  -00 02 25.275   2000.0      raoffset=8.73         decoffset=-10.26
2023tsz_S2      08 37 28.663  -00 02 53.119   2000.0      raoffset=13.02        decoffset=17.59
2022jox         09 57 44.49   -28 30 56.5     2000.0    
2022jox_S1      09 57 40.990  -28 31 03.83    2000.0      raoffset=46.49        decoffset=6.80
2022jox_S2      09 57 49.567  -28 31 53.6     2000.0      raoffset=-66.55       decoffset=56.57
2023fyq         12 25 45.87   +12 39 48.7     2000.0
2023fyq_S1      12 25 49.819  +12 40 48.018   2000.0      raoffset=-58.04       decoffset=-59.42
2023ixf         14 03 38.56   +54 18 42.0     2000.0
Feige34         10 39 36.74   +43 06 09.3     2000.0
