#name           RA            DEC            epoch    RA_OFFSET DEC_OFFSET
HZ44            13 23 35.26   +36 07 59.5    2000.00
18las           10 59 52.23   +19 47 41.8    2000.00
18las_S1        10 59 50.790  +19 47 24.484  2000.00  raoffset=20.10  decoffset=17.57
18las_S2        10 59 53.804  +19 47 38.663  2000.00  raoffset=-22.44  decoffset=3.39
17ivh           13 39 36.255  -11 28 55.85   2000.00
17ivh_S1        13 39 38.800  -11 29 19.88   2000.00  raoffset=-37.41  decoffset=24.03
17ivh_S2        13 39 38.049  -11 28 13.73   2000.00  raoffset=-26.37  decoffset=-42.12
19uo            12 02 36.56   +41 03 42.3    2000.00
19uo_S1         12 02 39.258  +41 03 20.006  2000.00  raoffset=-30.37  decoffset=22.39
18aoq           12 10 38.19   +39 23 47.0    2000.00
18aoq_S1        12 10 39.895  +39 23 53.112  2000.00  raoffset=-19.36  decoffset=-4.98
18gj            16 32 02.40   +78 12 41.1    2000.00
18gj_S1         16 31 57.733  +78 12 10.920  2000.00  raoffset=14.05  decoffset=29.99
17ivv           20 28 49.84   -04 22 57.3    2000.00
17ivv_S1        20 28 49.688  -04 22 35.128  2000.00  raoffset=1.53  decoffset=-21.89
BD33d2642       15 51 59.86   +32 56 54.8    2000.00
#-------------------- backup

19bao           10 29 18.52   +06 07 21.8    2000.00
19bka           11 44 25.76   +19 42 47.9    2000.00
18evt           13 46 39.21   -09 38 35.8    2000.00
2018aoz         11 51 01.79   -28 44 38.8    2000.00
2018aoz_S1      11 51 00.60   -28 44 34.59   2000.00  raoffset=15.61   decoffset=-4.21
2018aoz_S2      11 50 58.58   -28 44 47.82   2000.00  raoffset=42.24   decoffset=9.02
