#name           RA            DEC           epoch    RA_OFFSET DEC_OFFSET

2019jyw         01 06 30.21   -02 11 56.3   2000.0
2019jyw_S1      01 06 27.47   -02 12 04.4   2000.0  raoffset=40.11  decoffset=8.71
2019jyw_S2      01 06 29.37   -02 11 03.4   2000.0  raoffset=11.74  decoffset=-52.30
G191B2B         05 05 30.60   +52 49 54.0   2000.0
2019osl         04 38 54.33   +18 50 10.2   2000.0
2019osl_S1      04 38 56.70   +18 49 38.2   2000.0  raoffset=-33.59  decoffset=31.83
2019osl_S2      04 38 58.28   +18 49 42.8   2000.0  raoffset=-56.08  decoffset=27.20
2015bh          09 09 35.09   +33 07 21.4   2000.0
2015bh_w        09 09 32.74   +33 07 01.8   2000.0  raoffset=29.14  decoffset=18.07
2015bh_b        09 09 31.81   +33 07 20.8   2000.0  raoffset=40.93  decoffset=-0.88
2019xdf         09 27 51.81   +68 24 42.4   2000.0
2019xdf_S1      09 28 01.65   +68 23 02.3   2000.0  raoffset=-54.37  decoffset=99.89
2019xdf_S2      09 27 43.36   +68 23 12.5   2000.0  raoffset=46.7  decoffset=89.65
Feige34         10 39 36.74   +43 06 09.3   2000.0

#backup
2020qmj         00 44 06.01   +05 15 35.9   2000.0
2020qmj_S1      00 44 10.52   +05 15 15.9   2000.0  raoffset=-67.26  decoffset=19.78
2020qmj_S2      00 44 06.90   +05 16 00.9   2000.0  raoffset=-13.2   decoffset=-25.17
2019ust         00 54 22.42   +31 40 12.6   2000.0
2019ust_S1      00 54 21.38   +31 40 17.1   2000.0  raoffset=13.23  decoffset=-4.15
2019ust_S2      00 54 19.82   +31 40 23.9   2000.0  raoffset=33.08  decoffset=-11.01
2020udy         02 06 49.34   +44 35 15.3   2000.0
2020jgl         09 28 58.43   -14 48 19.8   2000.0
2020jgl_S1      09 28 56.97   -14 48 34.8   2000.0  raoffset=20.82  decoffset=14.56
2020hvf         11 21 26.45   +03 00 52.8   2000.0
2020vg          11 48 54.44   -04 40 53.9   2000.0
2020vg_S1       11 48 56.74   -04 39 51.5   2000.0  raoffset=-34.06  decoffset=-62.37
2020vg_S2       11 48 51.09   -04 40 16.2   2000.0  raoffset=50.31   decoffset=-37.69
2020jfo         12 21 50.48   +04 28 54.1   2000.0
2020jfo_S1      12 21 52.80   +04 30 25.6   2000.0  raoffset=-34.71  decoffset=-91.31
2020jfo_S2      12 21 50.30   +04 28 07.9   2000.0  raoffset=2.69  decoffset=46.39
