#name           RA            DEC           epoch    RA_OFFSET DEC_OFFSET

2020qmj         00 44 06.01   +05 15 35.9   2000.0
2020qmj_S1      00 44 10.52   +05 15 15.9   2000.0  raoffset=-67.26  decoffset=19.78
2020qmj_S2      00 44 06.90   +05 16 00.9   2000.0  raoffset=-13.2   decoffset=-25.17
Feige11         01 04 21.60   +04 13 37.0   2000.0
2020uxz         01 24 06.87   +12 55 17.3   2000.0
G191B2B         05 05 30.60   +52 49 54.0   2000.0
2020uem         08 24 23.85   -03 29 19.1   2000.0
2020zoq         10 36 21.54   +13 43 08.9   2000.0
Feige34         10 39 36.74   +43 06 09.3   2000.0
2020hvf         11 21 26.45   +03 00 52.8   2000.0
2016blu         12 35 52.16   +27 55 56.0   2000.0