#name           RA            DEC             epoch       RA_OFFSET             DEC_OFFSET  
Feige66         12 37 23.6    +25 04 00       2000.0
2023fyq         12 25 45.87   +12 39 48.7     2000.0
2023fyq_S1      12 25 49.819  +12 40 48.018   2000.0      raoffset=-58.04       decoffset=-59.42
2023ijd         12 36 32.48   +11 13 19.7     2000.0
2023ijd_S1      12 36 23.599  +11 12 41.425   2000.0      raoffset=130.56       decoffset=38.74
2023ijd_S2      12 36 26.213  +11 13 49.320   2000.0      raoffset=92.09        decoffset=-29.16
2023gfo         13 09 39.68   -07 50 11.7     2000.0
2023gfo_S1      13 09 45.751  -07 50 10.820   2000.0      raoffset=-90.45       decoffset=-0.78
2023gfo_S2      13 09 34.702  -07 51 06.725   2000.0      raoffset=73.73        decoffset=55.12
2023ixf         14 03 38.56   +54 18 42.0     2000.0
2023ixf_S1      14 03 34.050  +54 18 36.843   2000.0      raoffset=39.42        decoffset=5.04
2023ixf_S2      14 03 45.677  +54 19 18.975   2000.0      raoffset=-62.31       decoffset=-37.09
2024ahr         14 21 59.14   -12 30 21.0     2000.0
2024ahr_S1      14 22 08.657  -12 29 39.53    2000.0      raoffset=-137.34      decoffset=-42.45
2024ahr_S2      14 22 05.420  -12 29 04.33    2000.0      raoffset=-89.94       decoffset=-77.65
2023ldh         15 09 09.60   +52 31 59.8     2000.0    
2023ldh_S1      15 09 04.885  +52 31 42.516   2000.0      raoffset=42.68        decoffset=17.29
2023ldh_S2      15 09 15.494  +52 32 48.723   2000.0      raoffset=-54.11       decoffset=-48.92
2024amf         15 34 23.34   -00 08 08.0     2000.0
2024amf_S1      15 34 23.342  -00 08 41.972   2000.0      raoffset=-0.16        decoffset=34.07
2024amf_S2      15 34 22.163  -00 06 48.245   2000.0      raoffset=17.52        decoffset=-79.66
2024cld         15 50 21.61   +18 56 21.1     2000.0
2024cld_S1      15 50 18.373  +18 56 16.119   2000.0      raoffset=45.26        decoffset=4.23
2024cld_S2      15 50 17.611  +18 55 54.277   2000.0      raoffset=56.07        decoffset=26.07
2024gqd         17 04 32.42   +01 20 42.7     2000.0     
2024gqd_S1      17 04 30.710  +01 20 58.050   2000.0      raoffset=25.70        decoffset=-15.08
2024gqd_S2      17 04 32.798  +01 21 35.398   2000.0      raoffset=-5.61        decoffset=-52.43
BD33d2642       15 51 59.86   +32 56 54.8     2000.0   