#name           RA            DEC           epoch       RA_OFFSET       DEC_OFFSET
Feige110        23 19 58.390 -05 09 55.800  2000.0
2024ixo         21 52 30.69  +02 14 01.2    2000.0 
2024ixo_S1      21 52 32.314 +02 13 41.331  2000.0      raoffset=-24.04       decoffset=19.67
2024ixo_S2      21 52 31.611 +02 14 09.763  2000.0	raoffset=-13.50	      decoffset=-8.76
2024seh         21 55 50.90  -03 05 23.2    2000.0
2024seh_S1      21 55 52.866 -03 05 26.351  2000.0      raoffset=-29.40	      decoffset=3.21
2024seh_S2      21 55 46.743 -03 05 52.996  2000.0      raoffset=62.31        decoffset=29.85
2024yyu         22 59 39.40  +20 08 11.5    2000.0 
2024yyu_S1      22 59 32.622 +20 09 03.233  2000.0      raoffset=95.40       decoffset=-51.28
2024yyu_S2      22 59 43.022 +20 08 43.547  2000.0	raoffset=-51.05	      decoffset=-31.59
2023vyl         23 20 29.66  +17 13 16.3    2000.0  
2023vyl_S1      23 20 25.437 +17 12 25.141  2000.0      raoffset=60.65        decoffset=51.31
2023vyl_S2      23 20 29.604 +17 11 51.660  2000.0      raoffset=0.95         decoffset=84.79	
2024ryv         00 25 29.99  +20 14 34.9    2000.0
2024ryv_S1      00 25 31.167 +20 14 48.856  2000.0      raoffset=-16.97       decoffset=-14.26
2024ryv_S2      00 25 32.934 +20 14 10.637  2000.0      raoffset=-41.84       decoffset=23.96
2024udy		02 07 37.98  +04 11 37.7    2000.0      
2024udy_S1	02 07 36.336 +04 11 54.001  2000.0      raoffset=24.79        decoffset=-16.05
2024udy_S2      02 07 44.805 +04 11 12.528  2000.0      raoffset=-101.91      decoffset=25.42
2024wpp		02 42 05.48  -16 57 23.1    2000.0
2024wpp_S1      02 42 07.206 -16 56 36.60   2000.0      raoffset=-25.11      decoffset=-46.67
2024wpp_S2      02 42 04.270 -16 56 38.96   2000.0      raoffset=17.02       decoffset=-44.31
2023rve         02 46 18.13  -30 14 22.2    2000.0
2023rve_S1      02 46 20.252 -30 14 28.650  2000.0      raoffset=-27.55       decoffset=6.13
2023rve_S2      02 46 07.346 -30 14 30.37   2000.0      raoffset=-139.69      decoffset=7.85
BD174708        22 11 31.370 +18 05 34.200  2000.0
###################
2023yoo         22 01 03.14  -13 16 29.0    2000.0	
2023yoo_S1      22 01 05.164 -13 16 38.72   2000.0      raoffset=-29.52        decoffset=9.67
2023yoo_S2      22 01 00.447 -13 16 36.24   2000.0      raoffset=39.34         decoffset=7.19