#name           RA            DEC             epoch       RA_OFFSET             DEC_OFFSET  
2023ijd         12 36 32.48   +11 13 19.7     2000.0      
2023ijd_S1      12 36 23.599  +11 12 41.425   2000.0      raoffset=130.56       decoffset=38.74
2023ijd_S2      12 36 26.213  +11 13 49.320   2000.0      raoffset=92.09        decoffset=-29.16
BD33d2642       15 51 59.86   +32 56 54.8     2000.0
2024ahr         14 21 59.14   -12 30 21.0     2000.0
2024ahr_S1      14 21 57.653  -12 30 33.77    2000.0      raoffset=23.91        decoffset=11.82
2024ahr_S2      14 21 56.671  -12 31 17.87    2000.0      raoffset=38.29        decoffset=55.92
2023ixf         14 03 38.56   +54 18 42.0     2000.0
2023ixf_S1      14 03 34.050  +54 18 36.843   2000.0      raoffset=39.42        decoffset=5.04
2023ixf_S2      14 03 45.677  +54 19 18.975   2000.0      raoffset=-62.31       decoffset=-37.09
2024dde         14 49 54.39   +13 54 02.5     2000.0  
2024amf         15 34 23.34   -00 08 08.0     2000.0
2024amf_S1      15 34 23.342  -00 08 41.972   2000.0      raoffset=-0.16        decoffset=34.07
2024amf_S2      15 34 22.163  -00 06 48.245   2000.0      raoffset=17.52        decoffset=-79.66
2023ldh         15 09 09.60   +52 31 59.8     2000.0    
2023ldh_S1      15 09 04.885  +52 31 42.516   2000.0      raoffset=42.68        decoffset=17.29
2023ldh_S2      15 09 15.494  +52 32 48.723   2000.0      raoffset=-54.11       decoffset=-48.92
2024faq         15 44 29.76   +40 21 23.6     2000.0
2024faq_S1      15 44 31.23   +40 20 54.886   2000.0      raoffset=-16.66       decoffset=28.84
2024faq_S2      15 44 31.025  +40 22 20.002   2000.0      raoffset=-14.31       decoffset=-56.28
2024ahv         16 18 46.32   +07 24 44.8     2000.0     
2024ahv_S1      16 18 46.044  +07 25 10.460   2000.0      raoffset=3.91         decoffset=-25.64
2024ahv_S2      16 18 47.574  +07 23 33.795   2000.0      raoffset=-18.85       decoffset=71.02
2024gqd         17 04 32.42   +01 20 42.7     2000.0     
2024gqd_S1      17 04 30.725  +01 20 58.192   2000.0      raoffset=25.60        decoffset=-15.05
2024gqd_S2      17 04 32.805  +01 21 35.652   2000.0      raoffset=-5.59        decoffset=-52.51
2023vyl         23 20 29.66   +17 13 16.3     2000.0  
2023vyl_S1      23 20 25.437  +17 12 25.141   2000.0      raoffset=60.65        decoffset=51.31
2023vyl_S2      23 20 29.604  +17 11 51.660   2000.0      raoffset=0.95         decoffset=84.79
Feige110        23 19 58.40   -05 09 55.8     2000.0      

#####
HZ44            13 23 35.26   +36 07 59.5
2022mds         17 32 33.90   +43 16 26.9     2000.0       
2022mds_S1      17 32 35.823  +43 16 24.183   2000.0      raoffset=-21.12       decoffset=2.84
2022mds_S2      17 32 31.714  +43 16 55.892   2000.0      raoffset=23.75        decoffset=-28.87