#name           RA            DEC           epoch       RA_OFFSET       DEC_OFFSET
2022aaiq        14 26 32.011  +56 35 03.17  2000.0
2022aaiq_S1     14 26 28.564  +56 34 35.043 2000.0      raoffset=28.84        decoffset=28.10
2022aaiq_S2     14 26 27.594  +56 35 41.551 2000.0      raoffset=36.83        decoffset=-38.41
2022aaiq_S3     14 26 45.051  +56 34 51.866 2000.0      raoffset=-107.37        decoffset=11.27
BD33d2642       15 51 59.86   +32 56 54.8   2000.0
2023ktw         17 27 29.91   +34 17 53.03  2000.0
2022yjl         22 17 58.32   +10 59 43.1   2000.0
2022yjl_S1      22 17 58.638  +10 59 21.798 2000.0      raoffset=-5.08        decoffset=21.55
2022yjl_S2      22 17 59.934  +10 59 28.377 2000.0      raoffset=-24.16       decoffset=14.97
2022wsp         23 00 03.56   +15 58 43.9   2000.0
2022wsp_S1      23 00 06.702  +15 59 42.981 2000.0      raoffset=-45.31       decoffset=-59.94
2022wsp_S2      22 59 59.641  +15 59 08.989 2000.0      raoffset=56.51       decoffset=-25.95
2022wsp_S3      23 00 07.236  +15 57 04.730 2000.0      raoffset=-53.02       decoffset=98.31
2022qzr         00 09 55.01   -05 01 16.1   2000.0
2022qzr_S1      00 09 52.555  -05 02 06.520 2000.0      raoffset=36.64       decoffset=50.46
2022qzr_S2      00 09 52.882  -05 01 47.675 2000.0      raoffset=31.75       decoffset=31.61
Feige110        23 19 58.39   -05 09 55.8   2000.0

####################
2021ahpl        15 15 57.94   -19 17 32.0   2000.0	
SN2021ahpl_S1   15 16 00.912  -19 17 20.63  2000.0      raoffset=-41.84        decoffset=-11.43
SN2021ahpl_S2   15 16 03.051  -19 16 10.68  2000.0      raoffset=-72.13         decoffset=-81.38
SN2021ahpl_S3   15 15 58.180  -19 15 37.13  2000.0      raoffset=-3.16         decoffset=-114.93