#name           RA            DEC           epoch    RA_OFFSET DEC_OFFSET
HIP47317        09 38 30.06   -27 59 07     2000.0 
SN2022jox       09 57 44.485  -28 30 56.46  2000.0 
SN2022jox_S3    09 57 43.535  -28 29 36.80  2000.0  raoffset=12.53  decoffset=-79.66   
2022crv         09 54 25.82   -25 42 10.5   2000.0 
2022crv_S1      09 54 24.368  -25 41 57.72  2000.0  raoffset=21.13  decoffset=-13.27
2022crv_S2      09 54 20.588  -25 42 27.08  2000.0  raoffset=72.21  decoffset=16.09
2022crv_S3      09 54 19.186  -25 42 55.13  2000.0  raoffset=91.15  decoffset=44.14
HIP49388        10 04 57.55   -21 38 07.4   2000.0 
2022mm          11 58 25.13   -14 31 11.3   2000.0
2022mm_S1       11 58 26.290  -14 31 17.65  2000.0  raoffset=-16.96  decoffset=6.25
2022mm_S2       11 58 23.086  -14 30 45.47  2000.0  raoffset=29.57  decoffset=-25.93
2022mm_S3       11 58 25.909  -14 31 45.77  2000.0  raoffset=-11.43  decoffset=34.37
HIP59351        12 10 29.55   -17 12 35.9   2000.0
2021adlw        11 41 17.82   +36 32 34.7   2000.0
2021adlw_S1     11 41 15.634  +36 31 40.25  2000.0  raoffset=26.22  decoffset=54.73
2021adlw_S2     11 41 24.884  +36 32 43.92  2000.0  raoffset=-85.26  decoffset=-8.94
2021adlw_S3     11 41 09.097  +36 33 48.47  2000.0  raoffset=104.96  decoffset=-73.50
HIP61471        12 35 47.33   +39 41 01.3   2000.0
2022abq         13 22 56.79   +28 19 09.6   2000.0
2022abq_S1      13 22 53.057  +28 19 48.87  2000.0  raoffset=49.84  decoffset=-39.83
2022abq_S2      13 23 04.131  +28 18 24.17  2000.0  raoffset=-96.39  decoffset=44.88
2022abq_S3      13 22 57.667  +28 20 17.75  2000.0  raoffset=-11.02  decoffset=-68.71
HIP62745        12 51 23.33   +12 22 22.0   2000.0



#backups
2021ahpl        15 15 57.94   -19 17 32.0   2000.0
HIP73867        15 05 48.72   -20 24 54.9   2000.0
2022hvp         09 54 45.25   +55 26 25.4   2000.0
HIP53735        10 59 40.21   +45 47 18.8   2000.0
2020ywx         11 53 26.23   +10 53 47.3   2000.0
2020ywx_S1      11 53 23.159  +10 54 06.621 2000.0  raoffset=45.10  decoffset=-19.32