#name           RA            DEC           epoch       RA_OFFSET       DEC_OFFSET             ROT_PA     ROT_MODE
2023aew         17 40 51.36   +66 12 22.7   2000.0
2023aew_S1      17 40 45.527  +66 11 48.948 2000.0      raoffset=35.16        decoffset=33.92
2023aew_S2      17 40 46.282  +66 12 59.590 2000.0      raoffset=30.57        decoffset=-36.72
Feige110        23 19 58.39   -05 09 55.8   2000.0
2023qea         18 09 04.97   +42 34 21.7   2000.0      raoffset=0.0        decoffset=0.0     rotdest=140.14  rotmode=pa
2022erq         18 33 25.36   +44 05 11.6   2000.0
2022erq_S1      18 33 25.818  +44 05 34.904 2000.0      raoffset=-5.21        decoffset=-23.08
2022erq_S2      18 33 27.803  +44 05 28.354 2000.0      raoffset=-26.60        decoffset=-16.53
2023qre         20 50 59.19   +06 08 18.7   2000.0
2023qre_S1      20 50 56.506  +06 09 08.240 2000.0      raoffset=40.09        decoffset=-49.70
2023qre_S2      20 51 01.318  +06 08 33.846 2000.0      raoffset=-31.68        decoffset=-15.30
2023gft         21 26 01.32   -03 47 53.6   2000.0
2023gft_S1      21 26 02.087  -03 47 53.532 2000.0      raoffset=-11.18        decoffset=0.06
2023gft_S2      21 25 58.872  -03 47 57.288 2000.0      raoffset=36.94        decoffset=3.81
2023ehl         20 25 10.75   +05 15 24.3   2000.0
2023ehl_S1      20 25 09.661  +05 15 12.148 2000.0      raoffset=15.64         decoffset=12.28
2023ehl_S2      20 25 13.506  +05 15 12.749 2000.0      raoffset=-41.79        decoffset=11.68
2023rau         00 20 55.24   -01 45 28.5   2000.0
2023rau_S1      00 20 53.222  -01 45 48.386 2000.0      raoffset=30.02        decoffset=19.26
2023rau_S2      00 20 53.425  -01 45 05.564 2000.0      raoffset=26.97        decoffset=-23.56
2023pcw         00 54 18.46   -40 23 33.2   2000.0
2023pcw_S1      00 54 17.005  -40 23 59.59  2000.0      raoffset=16.72        decoffset=26.38
2023pcw_S2      00 54 24.494  -40 24 09.78  2000.0      raoffset=-68.82        decoffset=36.57
2022yvw         03 33 45.28   -19 29 29.9   2000.0
2022yvw_S1      03 33 43.127  -19 27 46.36  2000.0      raoffset=30.38        decoffset=-103.21
2022yvw_S2      03 33 46.368  -19 29 46.98  2000.0      raoffset=-15.45        decoffset=17.41
2022acko        03 19 38.98   -19 23 42.5   2000.0
2022acko_S1     03 19 34.098  -19 23 36.83  2000.0      raoffset=69.17        decoffset=-5.88
2022acko_S2     03 19 42.133  -19 22 15.92  2000.0      raoffset=-44.52        decoffset=-86.79
2021yja         03 24 21.17   -21 33 56.2   2000.0
2021yja_S1      03 24 31.095  -21 33 23.87  2000.0      raoffset=-138.60        decoffset=-32.16
2021yja_S2      03 24 20.024  -21 32 43.71  2000.0      raoffset=15.85        decoffset=-72.32
2022xkq         05 05 23.71   -11 52 56.1   2000.0
2022xkq_S1      05 05 25.503  -11 53 07.68  2000.0      raoffset=-26.45        decoffset=11.61
2022xkq_S2      05 05 18.534  -11 52 40.20  2000.0      raoffset=75.85        decoffset=-15.87
G191B2B         05 05 30.60   +52 49 54.0   2000.0