#name           RA            DEC           epoch       RA_OFFSET       DEC_OFFSET
Feige110        23 19 58.390 -05 09 55.800  2000.0
2023ngy         22 18 30.180 +29 14 41.100  2000.0
2023ngy_S1      22 18 33.259 +29 15 06.654  2000.0      raoffset=-40.06       decoffset=-25.50
2023ngy_S2      22 18 30.374 +29 13 49.440  2000.0      raoffset=-2.30        decoffset=51.72
2024ryv         00 25 29.990 +20 14 34.900  2000.0
2024ryv_S1      00 25 31.167 +20 14 48.856  2000.0      raoffset=-16.97       decoffset=-14.26
2024ryv_S2      00 25 32.934 +20 14 10.637  2000.0      raoffset=-41.84       decoffset=23.96
2023rbk         03 15 20.586 +41 36 53.608  2000.0
2023rbk_S1      03 15 21.606 +41 37 16.047  2000.0      raoffset=-11.44       decoffset=-22.44
2023rbk_S2      03 15 24.150 +41 37 21.911  2000.0      raoffset=-39.96       decoffset=-28.30
2023pfz         02 25 05.871 +22 13 22.455  2000.0
2023pfz_S1      02 25 03.212 +22 12 59.796  2000.0      raoffset=36.92        decoffset=22.66
2023pfz_S2      02 25 00.462 +22 13 08.626  2000.0      raoffset=75.11        decoffset=13.83
2024dco         03 04 19.526 -11 54 13.750  2000.0
2024dco_S1      03 04 19.724 -11 54 49.490  2000.0      raoffset=-2.91        decoffset=35.74
2024dco_S2      03 04 22.168 -11 54 20.450  2000.0      raoffset=-39.78       decoffset=6.70
2023rve         02 46 18.122 -30 14 22.300  2000.0
2023rve_S1      02 46 20.256 -30 14 28.560  2000.0      raoffset=-27.65       decoffset=6.26
2023rve_S2      02 46 28.050 -30 14 11.920  2000.0      raoffset=-128.66      decoffset=-10.38
HD19445         03 05 25.860 +26 20 05.700  2000.0

###################
2023yoo         22 01 03.142 -13 16 29.050  2000.0	
2023yoo_S1      22 01 05.164 -13 16 38.720  2000.0      raoffset=-29.52        decoffset=9.67
2023yoo_S2      22 01 00.447 -13 16 36.240  2000.0      raoffset=39.34         decoffset=7.19
2024any         03 08 57.842 -02 56 45.957  2000.0     
2024any_S1      03 08 53.772 -02 56 25.725  2000.0      raoffset=60.97         decoffset=-20.23
2024any_S2      03 08 59.532 -02 55 25.778  2000.0      raoffset=-25.32        decoffset=-80.18