#name           RA            DEC         epoch    RA_OFFSET DEC_OFFSET 
bd32            15 51 59.86  +32 56 54.8   2000.00  
18bek           15 32 01.55  +68 14 31.0   2000.00  
18gj            16 32 02.40  +78 12 41.1   2000.00  
18gk            16 35 53.90  +40 01 57.8   2000.00  
17hxv           21 44 23.01  -29 54 59.6   2000.00  
18bwo           00 14 01.68  -23 11 35.4   2000.0 
18bwo_S1        00 14 01.75  -23 11 51.8   2000.0  raoffset=-0.03 decoffset=15.91
18bwo_S2        00 14 04.27  -23 11 21.2   2000.0  raoffset=-34.76 decoffset=-14.72
feige110        23 19 58.39  -05 09 55.8   2000.00        
#--------------------------------------------------------
back-up targets
18dfy           21:43:32.91 +43:32:58.2    2000.00      
18eog		20:28:12.03 -03:08:11.2    2000.00      
18fif           00:09:26.54 +47:21:14.8    2000.00      
18coq           22 55 06.10  +11 15 28.3   2000.00
17hcc           00 03 05.57  -11 28 28.7   2000.00
17eaw           20 34 44.24  +60 11 35.9   2000.00
17gmr           02 35 30.15  -09 21 15.0   2000.0
17fbu           02 11 06.98  +03 50 36.4   2000.0     
17fbu_S1        02 11 05.51  +03 50 39.7   2000.0 raoffset=21.31 decoffset=-2.50
17fbu_S2        02 11 05.62  +03 51 14.9   2000.0 raoffset=19.62 decoffset=-37.64
17ivv           20 28 49.84  -04 22 57.3   2000.0 
