#name           RA            DEC         epoch    RA_OFFSET DEC_OFFSET 
BD174708        22 11 31.37  +18 05 34.2   2000.00
BD284211        21 51 11.02  +28 51 50.4   2000.00
17eaw           20 34 44.23  +60 11 35.92  2000.00 
16gkg           01 34 14.41  -29 26 24.24  2000.00 
16gkg_S1        01 34 21.03  -29 27 18.91  2000.00 raoffset=-86.53 decoffset=54.67 #86.53W, 54.67N
16gkg_S2        01 34 13.03  -29 26 02.33  2000.00 raoffset=18.05 decoffset=-21.91 #18.05E, 21.91S
17gaw           01 15 35.24  -00 50 40.13  2000.00
17gaw_S1        01 15 31.50  -00 50 31.47  2000.00 raoffset=56.14 decoffset=-8.65 #56.14E, 8.65S
17fbu           02 11 06.93  +03 50 37.24  2000.00
17fbu_S2        02 11 01.21  +03 50 39.74  2000.00 raoffset=21.31 decoffset=-2.50 #21.31E, 2.50S
17fbu_S3        02 11 05.62  +03 51 14.88  2000.00 raoffset=19.62 decoffset=-37.64 #19.62E, 37.64S
17gmr           02 35 30.15  -09 21 15.43  2000.00
15fel           03 09 12.76  +27 31 16.95  2000.00
15fel_S1        03 09 07.92  +27 30 56.81  2000.00 raoffset=64.36 decoffset=20.14 #64.36E, 20.14N
17hyy           04 33 05.96  -26 07 40.50  2000.00
17fzw           06 21 34.77  -27 12 53.78  2000.00
14hls           09 20 34.30  +50 41 46.80  2000.00
14hls_S1        09 20 38.12  +50 41 24.52  2000.00 raoffset=-36.25 decoffset=22.28 #36.25W,  22.28N
14hls_S2        09 20 34.09  +50 42 49.07  2000.00 raoffset=2.05   decoffset=-62.26 #2.05E,  62.26S
#--------------------------------------------------------
17gah           22 02 42.22  -32 47 33.09  2000.00
17gah_S1        22 02 42.81  -32 47 44.60  2000.00 raoffset=-4.89 decoffset=11.51 #4.89W, 11.51N
17gww           00 03 49.21  +07 28 00.10  2000.00  
17fgc           01 20 14.45  +03 24 10.1   2000.00
17gpn           03 37 44.97  +72 31 59.00  2000.00
17ggw           02 30 26.88  -43 00 53.10  2000.00
17fbp           03 17 27.83  -00 05 08.46  2000.00
17fbp_S1        03 17 25.01  -00 05 54.46  2000.00 raoffset=42.36 decoffset=46.00 #42.36E, 46.00N
17hng           04 21 40.59  -03 32 26.40  2000.00
17hpa           04 39 50.75  +07 03 54.90  2000.00
16hvl           06 44 02.16  +12 23 47.93  2000.00
16hvl_S1        06 44 02.20  +12 23 41.93  2000.00 raoffset=-0.62 decoffset=5.95 #0.62W,  5.95N
16hvl_S2        06 44 01.08  +12 23 42.54  2000.00 raoffset=15.85 decoffset=5.39 #15.85E, 5.39N
16hvl_S3        06 44 02.07  +12 23 36.50  2000.00 raoffset=1.26 decoffset=11.43 #1.26E,  11.43N
feige34         10 39 36.71  +43 06 10.10  2000.00
G191B2B         05 05 30.60  +52 49 54.00  2000.00
