#name           RA            DEC            epoch       RA_OFFSET             DEC_OFFSET
BD332642        15 51 59.86   +32 56 54.8    2000.0
2024lhs         16 42 54.45   +33 44 13.0    2000.0
2024lhs_S1      16 42 55.569  +33 44 05.714  2000.0      raoffset=-14.1        decoffset=7.48
2024lhs_S2      16 42 53.958  +33 45 00.233  2000.0      raoffset=5.89         decoffset=-47.03
2024pxl         17 32 27.35   +07 03 44.8    2000.0
2024pxl_S1      17 32 28.308  +07 03 24.425  2000.0      raoffset=-14.17       decoffset=20.37
2024pxl_S2      17 32 27.686  +07 03 06.800  2000.0      raoffset=-4.91        decoffset=38.00
2023ehl         20 25 10.75   +05 15 24.3    2000.0
2023ehl_S1      20 25 09.661  +05 15 12.148  2000.0      raoffset=15.64        decoffset=12.28
2023ehl_S2      20 25 13.506  +05 15 12.749  2000.0      raoffset=-41.79       decoffset=11.68
2024seh         21 55 50.90   -03 05 23.2    2000.0
2024seh_S1      21 55 52.866  -03 05 26.351  2000.0      raoffset=-29.40       decoffset=3.21
2024seh_S2      21 55 46.743  -03 05 52.996  2000.0      raoffset=62.31        decoffset=29.85
2023vyl         23 20 29.66   +17 13 16.3    2000.0
2023vyl_S1      23 20 25.437  +17 12 25.141  2000.0      raoffset=60.65        decoffset=51.31
2023vyl_S2      23 20 29.604  +17 11 51.660  2000.0      raoffset=0.95         decoffset=84.79
2024any         03 08 57.83   -02 56 45.9    2000.0
2024any_S1      03 08 53.772  -02 56 25.725  2000.0      raoffset=60.97        decoffset=-20.23
2024any_S2      03 08 59.532  -02 55 25.778  2000.0      raoffset=-25.32       decoffset=-80.18
2024wpp         02 42 05.48   -16 57 23.1    2000.0
2024wpp_S1      02 42 07.206  -16 56 36.60   2000.0      raoffset=-25.11       decoffset=-46.67
2024wpp_S2      02 42 04.270  -16 56 38.96   2000.0      raoffset=17.02        decoffset=-44.31
2024xal         03 44 01.35   -14 21 44.4    2000.0
2024xal_S1      03 44 01.842  -14 22 39.80   2000.0      raoffset=-6.3         decoffset=54.93
2024xal_S3      03 43 57.414  -14 22 34.76   2000.0      raoffset=57.61        decoffset=49.89
Feige11         01 04 21.0    +04 13 37      2000.0

###################
2024gqd         17 04 32.42   +01 20 42.7    2000.0
2024gqd_S1      17 04 30.725  +01 20 58.192  2000.0      raoffset=25.60        decoffset=-15.05
2024gqd_S2      17 04 32.805  +01 21 35.652  2000.0      raoffset=-5.59        decoffset=-52.51
2023xbg         20 45 47.39   -29 31 09.7    2000.0
2023xbg_S1      20 45 40.84   -29 31 18.71   2000.0      raoffset=85.56        decoffset=9.71
2023xbg_S2      20 45 47.073  -29 30 11.04   2000.0      raoffset=4.20         decoffset=-57.96
2023yoo         22 01 03.14   -13 16 29.0    2000.0
2023yoo_S1      22 01 05.164  -13 16 38.720  2000.0      raoffset=-29.52       decoffset=9.67
2023yoo_S2      22 01 00.447  -13 16 36.240  2000.0      raoffset=39.34        decoffset=7.19
2023ngy         22 18 30.18   +29 14 41.1    2000.0
2023ngy_S1      22 18 33.259  +29 15 06.654  2000.0      raoffset=-40.06       decoffset=-25.5
2023ngy_S2      22 18 30.374  +29 13 49.44   2000.0      raoffset=-2.3         decoffset=51.72
2023ref         22 10 30.64   +40 53 37.7    2000.0
2023ref_S1      22 10 30.483  +40 53 23.613  2000.0      raoffset=1.75         decoffset=14.02
2023ref_S2      22 10 27.466  +40 53 21.691  2000.0      raoffset=35.96        decoffset=15.94