#name           RA            DEC             epoch       RA_OFFSET             DEC_OFFSET  
2023rau         00 20 55.24   -01 45 28.5     2000.0
2023rau_S1      00 20 53.222  -01 45 48.386   2000.0      raoffset=30.02       decoffset=19.26  
2023rau_S2      00 20 53.425  -01 45 05.564   2000.0      raoffset=26.97       decoffset=-23.56
G191B2B         05 05 30.60   +52 49 54.0     2000.0     
2022xkq         05 05 23.71   -11 52 56.10    2000.0
2022xkq_S1      05 05 25.503  -11 53 07.68    2000.0      raoffset=-26.45      decoffset=11.61
2022xkq_S2      05 05 18.534  -11 52 40.20    2000.0      raoffset=75.85       decoffset=-15.87
2023esp         06 46 53.85   +15 35 54.2     2000.0
2023esp_S1      06 46 55.117  +15 35 21.223   2000.0      raoffset=-18.33      decoffset=33.11
2023esp_S2      06 46 52.196  +15 35 17.59    2000.0      raoffset=23.87       decoffset=36.74
2023plg         07 17 03.16   +24 57 31.7     2000.0    
2023ufx         08 24 51.57   +21 17 43.3     2000.0 
2023tsz         08 37 29.53   -00 02 35.7     2000.0    
2023tsz_S1      08 37 28.949  -00 02 25.275   2000.0      raoffset=8.73        decoffset=-10.26
2023tsz_S2      08 37 28.663  -00 02 53.119   2000.0      raoffset=13.02       decoffset=17.59
2023bee         08 56 11.63   -03 19 32.0     2000.0
2023bee_S1      08 56 09.349  -03 19 52.656   2000.0      raoffset=34.17       decoffset=20.77
2023bee_S2      08 56 10.902  -03 20 43.041   2000.0      raoffset=10.92       decoffset=71.16
2022xus         06 54 05.13   +08 34 13.5     2000.0    
2022xus_S1      06 54 03.986  +08 34 13.571   2000.0      raoffset=17.15       decoffset=-0.17
2022xus_S2      06 54 04.620  +08 33 45.800   2000.0      raoffset=7.74        decoffset=27.60
2022xxf         11 30 05.89   +09 16 57.3     2000.0
2022xxf_S1      11 30 14.919  +09 15 32.832   2000.0      raoffset=-132.93     decoffset=84.42
2022xxf_S2      11 30 06.694  +09 16 18.257   2000.0      raoffset=-11.16      decoffset=39.00
Hiltner600      06 45 13.33   +02 08 14.1     2000.0   