#name           RA            DEC         epoch    RA_OFFSET DEC_OFFSET 
BD174708        22 11 31.37  +18 05 34.2   2000.00
BD284211        21 51 11.02  +28 51 50.4   2000.00
#17eaw           20 34 44.23  +60 11 35.92  2000.00 
#16gkg           01 34 14.41  -29 26 24.24  2000.00 
#16gkg_S1        01 34 21.03  -29 27 18.91  2000.00 raoffset=-86.53 decoffset=54.67 #86.53W, 54.67N
#16gkg_S2        01 34 13.03  -29 26 02.33  2000.00 raoffset=18.05 decoffset=-21.91 #18.05E, 21.91S

#--------------------------------------------------------
feige34         10 39 36.71  +43 06 10.10  2000.00
G191B2B         05 05 30.60  +52 49 54.00  2000.00
