#name           RA            DEC           epoch    RA_OFFSET DEC_OFFSET
2019qyl         00 54 57.53   -37 38 39.5   2000.0
2019qyl_S1      00 55 02.12   -37 37 50.5   2000.0  raoffset=-53.12  decoffset=-49.51
Feige110        23 19 58.39   -05 09 55.8   2000.0  
2019nyk         00 15 15.21   -08 11 21.8   2000.0
2019nyk_S2      00 15 13.92   -08 12 35.9   2000.0  raoffset=18.80  decoffset=74.06
2019hnl         23 43 10.24   -02 56 58.7   2000.0
2019hnl_S1      23 43 08.72   -02 56 52.5   2000.0  raoffset=22.93  decoffset=-6.11
2019hnl_S2      23 43 15.16   -02 57 23.6   2000.0  raoffset=-73.51  decoffset=25.00
2019hvv         01 14 24.37   -07 28 31.7   2000.0
2019hvv_S1      01 14 26.97   -07 28 36.2   2000.0  raoffset=-38.50  decoffset=4.39
2019iex         23 51 03.61   +20 08 43.7   2000.0
2019iex_S1      23 51 07.27   +20 08 43.1   2000.0  raoffset=-51.16  decoffset=0.69
2019jyw         01 06 30.21   -02 11 56.3   2000.0
2019jyw_S1      01 06 27.47   -02 12 04.4   2000.0  raoffset=40.11  decoffset=8.71
2019jyw_S2      01 06 29.37   -02 11 03.4   2000.0  raoffset=11.74  decoffset=-52.30
2019udc         01 53 11.18   +04 11 46.9   2000.0
2019udc_S1      01 53 08.90   +04 11 14.8   2000.0  raoffset=34.42  decoffset=32.30
2019muj         02 26 18.55   -09 50 09.0   2000.0
2019muj_S1      02 26 24.58   -09 51 55.0   2000.0  raoffset=-89.46  decoffset=106.08
2019muj_S2      02 26 23.44   -09 51 32.1   2000.0  raoffset=-72.50  decoffset=83.18
2018jky         03 26 01.93   -17 33 48.0   2000.0
2018jky_S1      03 26 05.40   -17 33 13.5   2000.0  raoffset=-46.67  decoffset=-32.78
2019pxo         03 15 18.37   +42 41 44.0   2000.0
2019pxo_S1      03 15 18.54   +42 41 54.8   2000.0  raoffset=-2.19  decoffset=-10.84
2019eez         06 16 22.26   -21 21 35.7   2000.0
2019eez_S1      06 16 25.97   -21 21 11.5   2000.0  raoffset=-52.08  decoffset=-24.27
2019eez_S2      06 16 19.91   -21 21 14.2   2000.0  raoffset=32.59  decoffset=-21.66
G191B2B         05 05 30.60   +52 49 54.0   2000.0

#backup
2019osl         04 38 54.33   +18 50 10.2   2000.0
2019osl_S1      04 38 56.70   +18 49 38.2   2000.0  raoffset=-33.59  decoffset=31.83
2019osl_S2      04 38 58.28   +18 49 42.8   2000.0  raoffset=-56.08  decoffset=27.20
2019tua         21 58 00.29   +24 15 56.9   2000.0
2019tua_S1      21 57 59.36   +24 15 52.7   2000.0  raoffset=12.73  decoffset=4.99
2019tua_S2      21 58 01.51   +24 15 45.8   2000.0  raoffset=-16.72  decoffset=11.93
2019ust         00 54 22.42   +31 40 12.6   2000.0
2019ust_S1      00 54 21.38   +31 40 17.1   2000.0  raoffset=13.23  decoffset=-4.15
2019ust_S2      00 54 19.82   +31 40 23.9   2000.0  raoffset=33.08  decoffset=-11.01