#name           RA            DEC           epoch    RA_OFFSET DEC_OFFSET
Feige110        23 19 58.39   -05 09 55.8   2000.0  
2017gas         20 17 11.35   +58 12 08.5   2000.0  
2017gas_S1      20 17 08.56   +58 12 15.9   2000.0  raoffset=22.05  decoffset=-7.40
2017gas_S2      20 17 12.44   +58 11 51.2   2000.0  raoffset=-8.17  decoffset=17.30
2019iex         23 51 03.61   +20 08 43.7   2000.0
2019iex_S1      23 51 07.27   +20 08 43.1   2000.0  raoffset=-51.16  decoffset=0.69
2019nyk         00 15 15.21   -08 11 21.8   2000.0
2019nyk_S2      00 15 13.92   -08 12 35.9   2000.0  raoffset=18.80  decoffset=74.06
2019hnl         23 43 10.24   -02 56 58.7   2000.0
2019hnl_S1      23 43 08.72   -02 56 52.5   2000.0  raoffset=22.93  decoffset=-6.11
2019hnl_S2      23 43 15.16   -02 57 23.6   2000.0  raoffset=-73.51  decoffset=25.00
2019jyw         01 06 30.21   -02 11 56.3   2000.0
2019jyw_S1      01 06 27.47   -02 12 04.4   2000.0  raoffset=40.11  decoffset=8.71
2019jyw_S2      01 06 29.37   -02 11 03.4   2000.0  raoffset=11.74  decoffset=-52.30
G191B2B         05 05 30.60   +52 49 54.0   2000.0