#name           RA            DEC            epoch    RA_OFFSET DEC_OFFSET 
18gjx           02 16 15.55   +28 35 28.7    2000.00
18gjx_S1        02 16 14.208  +28 36 44.92   2000.00 raoffset=xx  decoffset=xx
18gjx_S3        02 16 11.168  +28 35 00.24   2000.00 raoffset=xx  decoffset=xx
18ivc           02 42 41.29   -00 00 31.8    2000.00
18ivc_S1        02 42 45.983  -00 01 23.546  2000.00 raoffset=-70.66  decoffset=51.81
18ivc_S2        02 42 44.047  -00 01 19.723  2000.00 raoffset=-41.62  decoffset=47.98
18zd            06 18 03.05   +78 22 01.16   2000.00
18zd_S1         06 18 03.60   +78 22 59.44   2000.00  raoffset=-1.67   decoffset=-58.28
HD84937         09 48 56.09   +13 44 39.3    2000.00
2018aoz         11 51 01.79   -28 44 38.4    2000.00
17ivh           13 39 36.25  -11 28 55.85   2000.00
17ivh_S1        13 39 38.80  -11 29 19.88   2000.00  raoffset=-37.41  decoffset=24.03
17ivh_S2        13 39 38.05  -11 28 13.73   2000.00  raoffset=-26.37  decoffset=-42.12
18atq           11 47 04.05  +19 33 02.11   2000.00
18atq_S1        11 47 03.55  +19 32 09.18   2000.00  raoffset=7.04    decoffset=52.93
18atq_S2        11 47 06.78  +19 33 46.58   2000.00  raoffset=-38.58  decoffset=-44.47
18is            13 16 57.39  -16 37 03.55   2000.00
18is_S1         13 16 55.87  -16 37 28.15   2000.00  raoffset=21.85   decoffset=24.60
18is_S2         13 16 54.81  -16 37 10.20   2000.00  raoffset=37.05   decoffset=6.65
18is_S3         13 16 59.70  -16 36 24.52   2000.00  raoffset=-33.26  decoffset=-39.03
2018gep         16 43 48.20  +41 02 43.3    2000.00
BD33d2642       15 51 59.86  +32 56 54.80   2000.00 
Feige34         10 39 36.74  +43 06 09.3    2000.00
#-------------------------- backup
18aoq           12 10 38.22  +39 23 48.13   2000.00
18aoq_S1        12 10 39.90  +39 23 53.11   2000.00  raoffset=-19.36  decoffset=-4.98

