#name           RA            DEC           epoch    RA_OFFSET DEC_OFFSET

G191B2B         05 05 30.60   +52 49 54.0   2000.0
2019iex         23 51 03.61   +20 08 43.7   2000.0
2019iex_S1      23 51 07.27   +20 08 42.9   2000.0  raoffset=-51.27  decoffset=0.72
2019iex_S2      23 50 56.43   +20 07 51.5   2000.0  raoffset=101.39  decoffset=52.13
2020scb         00 18 25.63   +18 30 59.6   2000.0
2020scb_S1      00 18 26.67   +18 29 54.4   2000.0  raoffset=-14.98  decoffset=64.72
2020scb_S2      00 18 30.92   +18 30 09.7   2000.0  raoffset=-75.35  decoffset=49.42
2020qic         00 15 05.61   +43 20 35.6   2000.0
2020qic_S1      00 15 08.69   +43 19 59.0   2000.0  raoffset=-33.87  decoffset=36.72
2020qic_S2      00 15 05.84   +43 21 24.6   2000.0  raoffset=-2.86  decoffset=-48.87
2020muj         02 26 18.55   -09 50 09.0   2000.0
2020muj_S1      02 26 24.58   -09 51 55.0   2000.0  raoffset=-88.46  decoffset=106.08
2020muj_S2      02 26 23.44   -09 51 32.1   2000.0  raoffset=-72.50  decoffset=83.18
HD84937         09 48 56.09   +13 44 39.3   2000.0
2020jgl         09 28 58.43   -14 48 19.8   2000.0
2020jgl_S1      09 28 56.99   -14 48 34.8   2000.0  raoffset=20.87  decoffset=14.60
2020jgl_S2      09 29 01.67   -14 48 13.9   2000.0  raoffset=-47.00  decoffset=-6.34
2019xdf         09 27 51.81   +69 24 42.4   2000.0
2019xdf_S1      09 28 01.65   +68 23 02.3   2000.0  raoffset=-54.37  decoffset=99.89
2019xdf_S2      09 27 43.36   +68 23 12.5   2000.0  raoffset=46.70  decoffset=89.65

#backup
2020znl         06 13 17.90   -15 53 31.4   2000.0
2020znl_S1      06 13 16.37   -15 52 56.8   2000.0  raoffset=22.03  decoffset=-34.69
2020znl_S2      06 13 20.91   -15 54 08.3   2000.0  raoffset=-43.55  decoffset=36.82
2019osl         04 38 54.33   +18 50 10.2   2000.0
2019osl_S1      04 38 58.28   +18 49 38.2   2000.0  raoffset=-33.59  decoffset=31.82
2019osl_S2      04 38 53.34   +18 49 42.8   2000.0  raoffset=-56.08  decoffset=27.20
2020ocz         05 10 44.20   -31 35 37.6   2000.0
2020ocz_S1      05 10 41.35   -31 35 54.8   2000.0  raoffset=36.28  decoffset=17.16
2020ocz_S2      05 10 49.77   -31 35 02.3   2000.0  raoffset=-71.39  decoffset=-35.31
