#name           RA            DEC         epoch    RA_OFFSET DEC_OFFSET
HD19445         03 08 25.86   +26 20 05.7   2000.0
2019rwd         00 10 45.89   +21 08 20.8   2000.0
2019rwd_S1      00 10 50.21   +21 07 58.2   2000.0  raoffset=-60.26  decoffset=22.46
2019rwd_S2      00 10 49.32   +21 08 34.8   2000.0  raoffset=-47.93  decoffset=-14.16
2019jyw         01 06 30.21   -02 11 56.3   2000.0
2019jyw_S1      01 06 27.47   -02 12 04.4   2000.0  raoffset=40.11  decoffset=8.71
2019jyw_S2      01 06 29.37   -02 11 03.4   2000.0  raoffset=11.74  decoffset=-52.30
2019muj         02 26 18.55   -09 50 09.0   2000.0
2019muj_S1      02 26 24.58   -09 51 55.0   2000.0  raoffset=-89.46  decoffset=106.08
2019muj_S2      02 26 23.44   -09 51 32.1   2000.0  raoffset=-72.50  decoffset=83.18
2018hle         03 39 28.10   -13 07 01.9   2000.0
2018hle_S1      03 39 24.71   -13 07 09.6   2000.0  raoffset=50.46  decoffset=7.10
2018hle_S2      03 39 25.27   -13 07 00.1   2000.0  raoffset=42.32  decoffset=-2.44
2018zd          06 18 03.18   +78 22 00.9   2000.0
2018zd_S1       06 18 10.56   +78 22 33.5   2000.0  raoffset=-22.47  decoffset=-32.53
2018zd_S2       06 18 03.74   +78 22 59.4   2000.0  raoffset=-1.86  decoffset=-58.37
2018hmx         08 33 39.34   +55 35 53.0   2000.0
2018hmx_S1      08 33 47.58   +55 36 14.6   2000.0  raoffset=-69.80  decoffset=-21.63
2018hmx_S2      08 33 36.51   +55 38 09.5   2000.0  raoffset=23.94  decoffset=-136.46
G191B2B         05 05 30.60   +52 49 54.0   2000.0
#backup
2019nyk         00 15 15.21   -08 11 21.8   2000.0
2019nyk_S2      00 15 13.92   -08 12 35.9   2000.0  raoffset=18.80  decoffset=74.06
2019osl         04 38 54.33   +18 50 10.2   2000.0
2019osl_S1      04 38 56.70   +18 49 38.2   2000.0  raoffset=-33.59  decoffset=31.83
2019osl_S2      04 38 58.28   +18 49 42.8   2000.0  raoffset=-56.08  decoffset=27.20




BD284211        21 51 11.07   +28 51 51.8    2000.0
2019cvz         16 30 54.10   +46 35 18.8    2000.0
2019cvz_S2      16 30 56.96   +46 34 33.9    2000.0  raoffset=-29.52  decoffset=44.85
2019cvz_S3      16 30 51.75   +46 34 30.4    2000.0  raoffset=24.17  decoffset=48.38
2019cbc         18 06 09.16   +65 20 47.1    2000.0
2019cbc_S1      18 06 14.49   +65 20 33.4    2000.0  raoffset=-33.73  decoffset=13.70
2019cbc_S2      18 06 07.76   +65 20 50.9    2000.0  raoffset=8.80 decoffset=-3.85
2019cmv         18 57 52.98   +45 35 24.0    2000.0
2019cmv_S1      18 57 51.23   +45 35 19.5    2000.0  raoffset=18.44  decoffset=4.57
2019cmv_S2      18 57 55.64   +45 34 52.9    2000.0  raoffset=-27.92  decoffset=31.12
2019kbj         22 11 21.90   +19 37 03.4    2000.0
2019kbj_S1      22 11 23.86   +19 36 58.6    2000.0  raoffset=-27.62  decoffset=4.80
2019kbj_S2      22 11 22.79   +19 36 46.9    2000.0  raoffset=-12.52  decoffset=16.51
2018ilu         23 33 20.95   +04 48 35.0    2000.0
2018ilu_S1      23 33 22.18   +04 48 29.4    2000.0  raoffset=-18.40  decoffset= 5.59
2018ilu_S2      23 33 16.79   +04 47 49.5    2000.0  raoffset=62.18  decoffset=45.56
2017gmr         02 35 30.15   -09 21 15.4    2000.0
2017gmr_S1      02 35 24.43   -09 20 19.7    2000.0  raoffset=84.56  decoffset=-55.68
2017gmr_S2      02 35 33.89   -09 19 07.6    2000.0  raoffset=-55.46  decoffset=-127.81
#Backup
2019hnl         23 43 10.25   -02 56 58.6    2000.0
2019hnl_S1      23 43 08.72   -02 56 52.4    2000.0  raoffset=22.93  decoffset=-6.11
2019hnl_S2      23 43 15.16   -02 57 23.6    2000.0  raoffset=-73.51  decoffset=25.00
