#name           RA            DEC         epoch    RA_OFFSET DEC_OFFSET 
HD19445         03 08 25.86  +26 20 05.7    2000.00
18ivc           02 42 41.29  -00 00 31.8    2000.00
17iit           05 03 20.15  +18 27 02.92   2000.00
17iit_S1        05 03 18.82  +18 26 45.26   2000.00  raoffset=18.91   decoffset=17.66
17iit_S2        05 03 21.35  +18 27 26.03   2000.00  raoffset=-17.02  decoffset=-23.11
18zd            06 18 03.05  +78 22 01.16   2000.00
18zd_S1         06 18 03.60  +78 22 59.44   2000.00  raoffset=-1.67   decoffset=-58.28
17ipa           06 37 58.13  -15 22 00.58   2000.00
17ipa_S1        06 37 59.12  -15 21 59.65   2000.00  raoffset=-14.25 decoffset=-0.93
17ipa_S2        06 37 58.47  -15 22 23.23   2000.00  raoffset=-4.85  decoffset=22.65
17gkp           08 47 11.81  -33 45 10.59   2000.00
17gkp_S1        08 47 12.60  -33 44 57.56   2000.00  raoffset=-9.87  decoffset=-13.03
17gkp_S2        08 47 09.85  -33 44 48.46   2000.00  raoffset=24.53  decoffset=-22.13
HZ44            13 23 35.26  +36 07 59.50   2000.00
18atq           11 47 04.05  +19 33 02.11   2000.00
18atq_S1        11 47 03.55  +19 32 09.18   2000.00  raoffset=7.04    decoffset=52.93
18atq_S2        11 47 06.78  +19 33 46.58   2000.00  raoffset=-38.58  decoffset=-44.47
18aoq           12 10 38.22  +39 23 48.13   2000.00
18aoq_S1        12 10 39.90  +39 23 53.11   2000.00  raoffset=-19.36  decoffset=-4.98
18is            13 16 57.39  -16 37 03.55   2000.00
18is_S1         13 16 55.87  -16 37 28.15   2000.00  raoffset=21.85   decoffset=24.60
18is_S2         13 16 54.81  -16 37 10.20   2000.00  raoffset=37.05   decoffset=6.65
18is_S3         13 16 59.70  -16 36 24.52   2000.00  raoffset=-33.26  decoffset=-39.03
17ivh           13 39 36.25  -11 28 55.85   2000.00
17ivh_S1        13 39 38.80  -11 29 19.88   2000.00  raoffset=-37.41  decoffset=24.03
17ivh_S2        13 39 38.05  -11 28 13.73   2000.00  raoffset=-26.37  decoffset=-42.12
Feige34         10 39 36.74  +43 06 09.3    2000.00
#--------------------------------------------------------
#back-up targets
17jbj           00 48 05.40  -02 47 22.80   2000.00
17jbj_S1        00 48 03.72  -02 47 08:30   2000.00  raoffset=25.19  decoffset=-14.50
17jbj_S2        00 48 02.44  -02 47 43.38   2000.00  raoffset=44.39  decoffset=20.58
17hpi           08 15 43.42  -28 51 19.15   2000.00
17hpi_S1        08 15 43.51  -28 51 33.82   2000.00  raoffset=-1.09  decoffset=14.67
17hpi_S2        08 15 42.73  -28 51 20.53   2000.00  raoffset=9.04   decoffset=1.38
18oh            09 06 39.58  +19 20 17.23   2000.00
18oh_S1         09 06 43.49  +19 20 27.60   2000.00  raoffset=-55.29  decoffset=-10.37
18oh_S2         09 06 36.13  +19 20 24.53   2000.00  raoffset=48.89   decoffset=-7.31