#name           RA            DEC             epoch       RA_OFFSET             DEC_OFFSET          ROT_DEST              ROT_MODE
BD33d2642       15 51 59.86   +32 56 54.8     2000.0
2024ifo         15 29 34.87   +11 17 20.6     2000.0
2024ifo_S1      15 29 36.215  +11 17 46.439   2000.0      raoffset=-19.99       decoffset=-25.71
2024ifo_S2      15 29 37.745  +11 17 27.382   2000.0      raoffset=-42.5        decoffset=-6.66
2023nlk         17 20 53.29   +22 12 35.3     2000.0 
2023nlk_S1      17 20 53.188  +22 12 18.302   2000.0      raoffset=1.43         decoffset=16.93
2023nlk_S2      17 20 56.287  +22 13 02.309   2000.0      raoffset=-41.6        decoffset=-27.08
2024pxl         17 32 27.35   +07 03 44.8     2000.0
2024pxl_S1      17 32 28.308  +07 03 24.425   2000.0      raoffset=-14.17       decoffset=20.37
2024pxl_S2      17 32 27.686  +07 03 06.80    2000.0      raoffset=-4.91        decoffset=38.00
2023ucy         19 01 41.99   +40 45 05.9     2000.0 
2023ucy_S1      19 01 37.961  +40 44 49.714   2000.0      raoffset=45.61        decoffset=16.41
2023ucy_S2      19 01 43.323  +40 43 53.519   2000.0      raoffset=-15.32       decoffset=72.61
2023gft         21 26 01.32   -03 47 53.6     2000.0 
2023gft_S1      21 26 02.087  -03 47 53.532   2000.0      raoffset=-11.18       decoffset=0.06
2023gft_S2      21 25 58.872  -03 47 57.288   2000.0      raoffset=36.94        decoffset=3.81
2022wsp         23 00 03.56   +15 58 43.9     2000.0
2022wsp_S1_PA   23 00 06.702  +15 59 42.981   2000.0      raoffset=-45.31       decoffset=-59.94    rotdest=132.28  
2022wsp_S2_PA   22 59 59.641  +15 59 08.989   2000.0      raoffset=56.51        decoffset=-25.95    rotdest=132.28
2022wsp_S1      23 00 06.702  +15 59 42.981   2000.0      raoffset=-45.31       decoffset=-59.94
2022wsp_S2      22 59 59.641  +15 59 08.989   2000.0      raoffset=56.51        decoffset=-25.95
2022wsp_S3      23 00 07.236  +15 57 04.730   2000.0      raoffset=-53.02        decoffset=98.31
2023vyl         23 20 29.66   +17 13 16.3     2000.0  
2023vyl_S1      23 20 25.437  +17 12 25.141   2000.0      raoffset=60.65        decoffset=51.31
2023vyl_S2      23 20 29.604  +17 11 51.660   2000.0      raoffset=0.95         decoffset=84.79
2023rbk         03 15 20.60   +41 36 53.6     2000.0 
2023rbk_S1      03 15 21.606  +41 37 16.047   2000.0      raoffset=-11.44       decoffset=-22.44
2023rbk_S2      03 15 24.15   +41 37 21.911   2000.0      raoffset=-39.96       decoffset=-28.3
HD19445         03 08 25.86   +26 20 05.7     2000.0      

#####
Feige66         12 37 23.6    +25 04 00       2000.0   
2024gqd         17 04 32.42   +01 20 42.7     2000.0     
2024gqd_S1      17 04 30.725  +01 20 58.192   2000.0      raoffset=25.60        decoffset=-15.05
2024gqd_S2      17 04 32.805  +01 21 35.652   2000.0      raoffset=-5.59        decoffset=-52.51
2023xbg         20 45 47.39   -29 31 09.7     2000.0
2023xbg_S1      20 45 40.84   -29 31 18.71    2000.0      raoffset=85.56        decoffset=9.71
2023xbg_S2      20 45 47.073  -29 30 11.04    2000.0      raoffset=4.20         decoffset=-57.96
2023yoo         22 01 03.14   -13 16 29.0     2000.0   
2023yoo_S1      22 01 05.164  -13 16 38.72    2000.0      raoffset=-29.52       decoffset=9.67
2023yoo_S2      22 01 00.447  -13 16 36.24    2000.0      raoffset=39.34        decoffset=7.19
2023ref         22 10 30.64   +40 53 37.7     2000.0 
2023ref_S1      22 10 30.483  +40 53 23.613   2000.0      raoffset=1.75         decoffset=14.02
2023ref_S2      22 10 27.466  +40 53 21.691   2000.0      raoffset=35.96        decoffset=15.94
2023ngy         22 18 30.18   +29 14 41.1     2000.0 
2023ngy_S1      22 18 33.259  +29 15 06.654   2000.0      raoffset=-40.06       decoffset=-25.5
2023ngy_S2      22 18 30.374  +29 13 49.44    2000.0      raoffset=-2.3         decoffset=51.72
2024fa          02 25 01.37   -24 47 12.6     2000.0 
2024fa_S1       02 25 06.151  -24 46 22.85    2000.0      raoffset=-65.25       decoffset=-49.89
2024fa_S2       02 24 53.804  -24 47 37.45    2000.0      raoffset=102.89       decoffset=24.71
2023pfz         02 25 05.90   +22 13 22.4     2000.0 
2023pfz_S1      02 25 03.212  +22 12 59.796   2000.0      raoffset=36.92        decoffset=22.66
2023pfz_S2      02 25 00.462  +22 13 08.626   2000.0      raoffset=75.11        decoffset=13.83
2024dco         03 04 19.54   -11 54 13.6     2000.0 
2024dco_S1      03 04 19.724  -11 54 49.49    2000.0      raoffset=-2.91        decoffset=35.74
2024dco_S2      03 04 22.168  -11 54 20.45    2000.0      raoffset=-38.78       decoffset=6.7
2024any         03 08 57.83   -02 56 45.9     2000.0 
2024any_S1      03 08 53.772  -02 56 25.725   2000.0      raoffset=60.97        decoffset=-20.23
2024any_S2      03 08 59.532  -02 55 25.778   2000.0      raoffset=-25.32       decoffset=-80.18