#name           RA            DEC           epoch    RA_OFFSET DEC_OFFSET  
2022crv         09 54 25.82   -25 42 10.5   2000.0 
2022crv_S1      09 54 24.368  -25 41 57.72  2000.0  raoffset=21.13  decoffset=-13.27
2022crv_S2      09 54 20.588  -25 42 27.08  2000.0  raoffset=72.21  decoffset=16.09
2022crv_S3      09 54 19.186  -25 42 55.13  2000.0  raoffset=91.15  decoffset=44.14
HIP49388        10 04 57.55   -21 38 07.4   2000.0 
SN2022hvp       09 54 45.25   +55 26 25.4   2000.0
SN2022hvp_S1    09 54 29.663  +55 26 37.975 2000.0  raoffset=132.39  decoffset=-12.63
SN2022hvp_S2    09 54 49.783  +55 27 23.665 2000.0  raoffset=-38.78  decoffset=-58.32
SN2022hvp_S3    09 54 31.864  +55 25 49.113 2000.0  raoffset=113.7  decoffset=36.23
HIP53735        10 59 40.21   +45 47 18.8   2000.0
SN2020ywx       11 53 26.23   +10 53 47.3   2000.0
SN2020ywx_S1    11 53 23.159  +10 54 06.621 2000.0  raoffset=45.10  decoffset=-19.32
SN2020ywx_S2    11 53 20.336  +10 53 44.923 2000.0  raoffset=86.68  decoffset=2.38
SN2020ywx_S3    11 53 20.420  +10 52 29.561 2000.0  raoffset=85.45  decoffset=77.74
HIP62745        12 51 23.33   +12 22 22.0   2000.0
SN2022joj       14 41 40.07   +03 00 24.2   2000.0
SN2022joj_S1    14 41 37.379  +02 59 42.406 2000.0  raoffset=40.10  decoffset=41.79
SN2022joj_S2    14 41 42.297  +03 00 13.887 2000.0  raoffset=-33.57  decoffset=10.31
SN2022joj_S3    14 41 49.241  +02 58 15.408 2000.0  raoffset=-137.59  decoffset=128.78
HIP68868        14 06 09.57   +09 53 43.3   2000.0
SN2022fw        12 23 54.02   -03 26 36.5   2000.0
SN2022fw_S1     12 23 49.215  -03 26 38.371 2000.0  raoffset=71.94  decoffset=0.59
SN2022fw_S2     12 23 52.756  -03 27 35.340 2000.0  raoffset=18.93  decoffset=57.56
HIP62745        12 51 23.33   +12 22 22.0   2000.0
SN2022esa       16 53 57.60   -09 42 10.1   2000.0
SN2022esa_S1    16 53 58.063  -09 41 37.268 2000.0  raoffset=-6.83  decoffset=-32.98
SN2022esa_S2    16 53 55.800  -09 42 36.357 2000.0  raoffset=26.63  decoffset=26.11
SN2022esa_S3    16 53 53.394  -09 41 43.753 2000.0  raoffset=62.20  decoffset=-26.50
HIP81406        16 37 34.53   -18 22 15.7   2000.0




#backups
SN2022oo        12 29 58.61   -29 40 32.9   2000.0
SN2022oo_S1     12 29 53.687  -29 40 43.95  2000.0  raoffset=63.84  decoffset=10.93
SN2022oo_S2     12 29 56.246  -29 40 03.27  2000.0  raoffset=30.50  decoffset=-29.75
SN2022oo_S3     12 29 54.628  -29 41 01.75  2000.0  raoffset=51.58  decoffset=28.73
HIP61836        12 40 19.22   -29 36 54.4   2000.0
SN2022hnt       11 36 59.75   +55 09 50.3   2000.0
AT2022gnp       11 28 32.82   +58 33 47.6   2000.0
SN2022fuc       12 34 34.25   +63 31 06.4   2000.0
SN2022frq       13 27 56.91   -13 24 59.2   2000.0
SN2022ffg       10 13 48.22   +18 07 38.4   2000.0
HIP56736        11 37 57.81   +15 46 36.8   2000.0
SN2022ewj       10 46 34.61   +13 45 16.9   2000.0