#name           RA            DEC           epoch       RA_OFFSET       DEC_OFFSET
BD174708	22 11 31.37 +18 05 34.2	2000.0
2024tzi	18 02 24.02 +30 06 26.35	2000.0
2023ucy         19 01 41.99   +40 45 05.9     2000.0 
2023ucy_S1      19 01 37.961  +40 44 49.714   2000.0      raoffset=45.61        decoffset=16.41
2023ucy_S2      19 01 43.323  +40 43 53.519   2000.0      raoffset=-15.32       decoffset=72.61
2023yoo         22 01 03.142 -13 16 29.050  2000.0	
2023yoo_S1      22 01 05.164 -13 16 38.720  2000.0      raoffset=-29.52        decoffset=9.67
2023yoo_S2      22 01 00.447 -13 16 36.240  2000.0      raoffset=39.34         decoffset=7.19
2024tvi	23 15 10.779 -27 54 54.44	2000.0
2024seh	21 55 50.9 -03 05 23.25	2000.0
2023pfz         02 25 05.871 +22 13 22.455  2000.0
2023pfz_S1      02 25 03.212 +22 12 59.796  2000.0      raoffset=36.92        decoffset=22.66
2023pfz_S2      02 25 00.462 +22 13 08.626  2000.0      raoffset=75.11        decoffset=13.83
2023ref         22 10 30.64   +40 53 37.7     2000.0 
2023ref_S1      22 10 30.483  +40 53 23.613   2000.0      raoffset=1.75         decoffset=14.02
2023ref_S2      22 10 27.466  +40 53 21.691   2000.0      raoffset=35.96        decoffset=15.94
2023rbk         03 15 20.586 +41 36 53.608  2000.0
2023rbk_S1      03 15 21.606 +41 37 16.047  2000.0      raoffset=-11.44       decoffset=-22.44
2023rbk_S2      03 15 24.150 +41 37 21.911  2000.0      raoffset=-39.96       decoffset=-28.30
2023mut         04 48 34.34   +00 14 47.5     2000.0
2023mut_S1      04 48 39.721  +00 15 02.778   2000.0      raoffset=-80.47       decoffset=-14.33
2023mut_S2      04 48 37.736  +00 13 59.355   2000.0      raoffset=-50.70       decoffset=49.09
2022acko        03 19 38.98  -19 23 42.5   2000.0
2022acko_DS3	03 19 29.780   -19 23 14.89   2000.0      raoffset=130.27      decoffset=-27.82   rotdest=102.05     rotmode=pa
2022acko_S1     03 19 34.098  -19 23 36.83  2000.0      raoffset=69.17        decoffset=-5.88
2022acko_S2     03 19 42 133  -19 22 15.92  2000.0      raoffset=-44.52        decoffset=-86.79
Feige11	01 04 21.6 +04 13 37	2000.0

###################

2024any         03 08 57.842 -02 56 45.957  2000.0     
2024any_S1      03 08 53.772 -02 56 25.725  2000.0      raoffset=60.97         decoffset=-20.23
2024any_S2      03 08 59.532 -02 55 25.778  2000.0      raoffset=-25.32        decoffset=-80.18
2024fa          02 25 01.37   -24 47 12.6     2000.0 
2024fa_S1       02 25 06.151  -24 46 22.85    2000.0      raoffset=-65.25       decoffset=-49.89
2024fa_S2       02 24 53.804  -24 47 37.45    2000.0      raoffset=102.89       decoffset=24.71
2024pxl      17 32 27.35  +07 03 44.8   2000.0
2024pxl_S1   17 32 28.31  +07 03 24.4   2000.0   #raoffset=-14.17   decoffset=20.37
2024pxl_S2   17 32 27.69  +07 03 06.8   2000.0   #raoffset=-4.91    decoffset=38.00

