#name           RA            DEC           epoch    RA_OFFSET DEC_OFFSET  
Feige34         10 39 36.74   +43 06 09.3   2000.0
SN2022jox       09 57 44.485  -28 30 56.46  2000.0
SN2022jox_S1    09 57 50.990  -28 31 03.83  2000.0  raoffset=46.49  decoffset=6.80
SN2022jox_S2    09 57 49.567  -28 31 53.60  2000.0  raoffset=-66.55  decoffset=56.57
SN2022jox_S3    09 57 49.050  -28 30 03.21  2000.0  raoffset=-59.75  decoffset=-53.82
2022crv         09 54 25.82   -25 42 10.5   2000.0
2022crv_S1      09 54 24.357  -25 41 57.86  2000.0  raoffset=21.52  decoffset=-13.18
2022crv_S2      09 54 20.574  -25 42 27.26  2000.0  raoffset=72.55  decoffset=16.22
2022crv_S3      09 54 25.518  -25 43 12.81  2000.0  raoffset=5.73  decoffset=61.77
2023bee         08 56 11.63   -03 19 32.0   2000.0
2022fuc         12 34 34.25   +63 31 06.4   2000.0
2022fuc_S1      12 34 26.21   +63 31 23.455 2000.0  raoffset=53.58  decoffset=-16.80
2022fuc_S2      12 34 18.142  +63 29 50.881 2000.0  raoffset=107.63  decoffset=75.78
2022mma         14 39 01.50   +15 59 11.8   2000.0
2022mma_S1      14 38 58.630  +15 59 32.428 2000.0  raoffset=41.56  decoffset=-20.34
2022mma_S2      14 39 06.105  +15 58 58.576 2000.0  raoffset=-66.23  decoffset=13.52
SN2021ahpl      15 15 57.94   -19 17 32.0   2000.0
SN2021ahpl_S1   15 16 05.468  -19 16 48.20  2000.0  raoffset=-106.50  decoffset=-43.88
SN2021ahpl_S2   15 16 03.036  -19 16 10.72  2000.0  raoffset=-72.07  decoffset=-81.36
SN2021ahpl_S3   15 16 00.897  -19 17 20.65  2000.0  raoffset=-41.78  decoffset=-11.43
2022hrs         12 43 34.35   +11 34 36.0   2000.0  
2022hrs_S1      12 43 24.562  +11 34 52.700 2000.0  raoffset=143.52  decoffset=-16.37
2022hrs_S2      12 43 43.345  +11 34 17.674 2000.0  raoffset=-132.49  decoffset=18.66
2022hrs_S3      12 43 27.209  +11 36 30.495 2000.0  raoffset=104.62  decoffset=-114.16
HZ44            13 23 35.26   +36 07 59.5   2000.0


#backups
sdss            16 39 52.75   +28 49 10.136 2000.0
2dFGRS          14 09 39.487  -04 17 12.07  2000.0
2022xlp         11 52 49.56   +44 06 03.6   2000.0
2022xlp_S1      11 52 40.485  +44 05 49.036 2000.0  raoffset=97.91  decoffset=14.40
2022xlp_S2      11 52 42.675  +44 04 42.458 2000.0  raoffset=74.34  decoffset=80.98
