#name           RA            DEC           epoch    RA_OFFSET DEC_OFFSET

BD174708        22 11 31.37   +18 05 34.2   2000.0
2019yz          15 41 57.30   +00 42 39.4   2000.0
2019yz_S1       15 42 00.62   +00 43 25.3   2000.0  raoffset=-49.72  decoffset=-45.93
2019yz_S2       15 41 57.53   +00 41 50.8   2000.0  raoffset=-3.43   decoffset=48.58
BD33d2642       15 51 59.86   +32 56 54.8   2000.0
2020ekk         16 44 45.16   +22 30 48.0   2000.0
2020ekk_S1      16 44 43.06   +22 30 29.5   2000.0  raoffset=29.23   decoffset=18.46
2020ekk_S2      16 44 44.52   +22 30 21.4   2000.0  raoffset=8.92   decoffset=26.60
2019cmv         18 57 52.99   +45 35 24.0   2000.0
2019cmv_S1      18 57 51.23   +45 35 19.5   2000.0  raoffset=18.44   decoffset=4.57
2019vmc_S2      18 57 55.64   +45 34 52.9   2000.0  raoffset=-27.92   decoffset=31.12
2019tua         21 58 00.29   +24 15 56.9   2000.0
2019tua_S1      21 57 59.35   +24 15 52.7   2000.0  raoffset=12.73   decoffset=4.99
2019tua_S2      21 58 01.51   +24 15 45.7   2000.0  raoffset=-16.72   decoffset=11.93
2020nxt         22 37 36.24   +35 00 07.7   2000.0  rotdest=93  rotmode=pa
2020nxt_S1      22 37 34.89   +35 00 07.6   2000.0  raoffset=16.46  decoffset=0.16 rotdest=93  rotmode=pa
2020nxt_S2      22 37 36.29   +34 59 39.6   2000.0  raoffset=-0.72  decoffset=28.11 rotdest=93  rotmode=pa
2019iex         23 51 03.61   +20 08 43.7   2000.0
2019iex_S1      23 51 07.27   +20 08 43.1   2000.0  raoffset=-51.16  decoffset=0.69
Feige110        23 19 58.39   -05 09 55.8   2000.0

#backup
2020cxd         17 26 29.26   +71 05 38.6   2000.0
2020qic         00 15 05.61   +43 20 35.6   2000.0
2020pst         01 13 12.00   +02 17 01.9   2000.0