#name           RA            DEC            epoch    RA_OFFSET DEC_OFFSET
HZ44            13 23 35.26   +36 07 59.5    2000.00
18aoq           12 10 38.19   +39 23 47.0    2000.00
18aoq_S1        12 10 39.895  +39 23 53.112  2000.00  raoffset=-19.36  decoffset=-4.98
19cxu           13 05 30.09   -08 45 52.7    2000.00
17ivh           13 39 36.255  -11 28 55.85   2000.00
17ivh_S1        13 39 38.800  -11 29 19.88   2000.00  raoffset=-37.41  decoffset=24.03
17ivh_S2        13 39 38.049  -11 28 13.73   2000.00  raoffset=-26.37  decoffset=-42.12
18giu           20 27 49.22   +09 54 51.9    2000.00
18giu_S4        20 27 48.018  +09 54 48.019  2000.00  raoffset=17.52  decoffset=3.84
17ivv           20 28 49.84   -04 22 57.3    2000.00
17ivv_S1        20 28 49.688  -04 22 35.128  2000.00  raoffset=1.53  decoffset=-21.89
18eog           20 28 12.03   -03 08 11.2    2000.00
18eog_S2        20 28 13.696  -03 08 34.061  2000.00  raoffset=-24.79  decoffset=23.35
BD284211        21 51 11.02   +28 51 50.4    2000.00

18las           10 59 52.23   +19 47 41.8    2000.00
18las_S1        10 59 50.790  +19 47 24.484  2000.00  raoffset=20.10  decoffset=17.57
18las_S2        10 59 53.804  +19 47 38.663  2000.00  raoffset=-22.44  decoffset=3.39
18hmx           08 33 39.34   +55 35 53.0    2000.00
18hmx_S2        08 33 44.103  +55 36 25.442  2000.00  raoffset=-40.06  decoffset=-32.04
#-------------------- backup
19jc_S1         21 55 39.170  +24 54 37.325  2000.00  raoffset=24.71  decoffset=-16.60
19jc_S2         21 55 39.917  +24 54 41.623  2000.00  raoffset=14.54   decoffset=-20.90
#--------------------
18evt           13 46 39.21   -09 38 35.8    2000.00
18hna           12 26 12.05   +58 18 51.1    2000.00
18bsz           16 09 39.20   -32 03 45.2    2000.00
18bwr           15 28 26.17   +08 48 22.2    2000.00
