#name           RA            DEC           epoch    RA_OFFSET DEC_OFFSET
2021yyg         05 16 21.02   -13 28 39.9   2000.0
2021yyg_S1      05 16 22.32   -13 27 52.6   2000.0  raoffset=-18.50  decoffset=-47.38
2021yyg_S2      05 16 16.60   -13 29 34.2   2000.0  raoffset=64.97  decoffset=54.23
2021yyg_S3      05 16 25.12   -13 27 54.3   2000.0  raoffset=-59.36  decoffset=-45.67
HIP27089        05 44 39.22   -12 46 36.1   2000.0
2021adlw        11 41 17.82   +36 32 34.7   2000.0
2021adlw_S1     11 41 15.63   +36 31 40.2   2000.0  raoffset=26.22  decoffset=54.73
2021adlw_S2     11 41 24.89   +36 32 43.9   2000.0  raoffset=-85.26  decoffset=-8.94
2021adlw_S3     11 41 09.10   +36 33 48.5   2000.0  raoffset=104.96  decoffset=-73.50
HIP61471        12 35 47.33   +39 41 01.3   2000.0
2022crv         09 54 25.82   -25 42 10.5   2000.0 
2022crv_S1      09 54 24.37   -25 41 57.7   2000.0  raoffset=21.13  decoffset=-13.27
2022crv_S2      09 54 20.59   -25 42 27.1   2000.0  raoffset=72.21  decoffset=16.09
2022crv_S3      09 54 19.19   -25 42 55.1   2000.0  raoffset=91.15  decoffset=44.14
HIP47317        09 38 30.06   -27 59 06.6   2000.0
2022mm          11 58 25.13   -14 31 11.3   2000.0
2022mm_S1       11 58 26.29   -14 31 17.6   2000.0  raoffset=-16.96  decoffset=6.25
2022mm_S2       11 58 23.09   -14 30 45.5   2000.0  raoffset=29.57  decoffset=-25.93
2022mm_S3       11 58 25.91   -14 31 45.8   2000.0  raoffset=-11.43  decoffset=34.37
HIP59351        12 10 29.55   -17 12 35.9   2000.0
2022abq         13 22 56.79   +28 19 09.6   2000.0
2022abq_S1      13 22 53.06   +28 19 48.9   2000.0  raoffset=49.84  decoffset=-39.83
2022abq_S2      13 23 04.13   +28 18 24.2   2000.0  raoffset=-96.39  decoffset=44.88
2022abq_S3      13 22 57.67   +28 20 17.7   2000.0  raoffset=-11.02  decoffset=-68.71
HIP62745        12 51 23.33   +12 22 22.0   2000.0
2022fw          12 23 54.02   -03 26 36.5   2000.0
2022fw_S1       12 23 49.21   -03 26 38.4   2000.0  raoffset=71.94  decoffset=0.59
2022fw_S2       12 23 52.76   -03 27 35.3   2000.0  raoffset=18.93  decoffset=57.56

