#name           RA            DEC         epoch    RA_OFFSET DEC_OFFSET 
BD174708        22 11 31.37   +18 05 34.2    2000.0
2018eog         20 28 12.04   -03 08 10.7    2000.0 
2018eog_S1      20 28 10.89   -03 08 24.7    2000.0  raoffset=17.12  decoffset=14.05
2018eog_S3      20 28 13.70   -03 07 54.6    2000.0  raoffset=-17.78  decoffset=-16.11  
2019osy         00 55 47.00   -27 04 33.0    2000.0  
2019osy_S1      00 55 45.69   -27 04 55.8    2000.0  raoffset=17.53  decoffset=22.83
2019osy_S2      00 55 52.22   -27 05 01.0    2000.0  raoffset=-69.77 decoffset=28.05
2019krl         01 36 49.61   +15 46 46.2    2000.0
2019krl_S1      01 36 48.76   +15 46 43.0    2000.0  raoffset=12.43  decoffset=3.24
2019krl_S2      01 36 53.14   +15 47 20.1    2000.0  raoffset=-50.78  decoffset=-33.85
2018ivc         02 42 41.31   -00 00 31.5    2000.0
2018ivc_S1      02 42 46.02   -00 01 23.0    2000.0  raoffset=-70.65  decoffset=51.49
2018ivc_S2      02 42 44.09   -00 01 19.3    2000.0  raoffset=-41.68  decoffset=47.75
2018zd          06 18 03.05   +78 22 01.2    2000.0 
2018zd_S1       06 18 03.60   +78 22 59.4    2000.0  raoffset=-1.67  decoffset=-58.28 
2018zd_S2       06 17 43.92   +78 21 17.8    2000.0  raoffset=57.89  decoffset=43.37 
Hiltner600      06 45 13.40   +02 08 14.1    2000.0 
HD19445         03 08 25.86   +26 20 05.7    2000.0 
2017gmr         02 35 30.15   -09 21 15.4    2000.0
2017gmr_S1      02 35 24.43   -09 20 19.7    2000.0  raoffset=84.56  decoffset=-55.68
2017gmr_S2      02 35 33.89   -09 19 07.6    2000.0  raoffset=-55.46  decoffset=-127.81