#name           RA            DEC           epoch       RA_OFFSET       DEC_OFFSET
Feige34         10 39 36.74   +43 06 09.3   2000.0	
2022xxf         11 30 05.89   +09 16 57.3   2000.0	
2022xxf_S1      11 30 14.919  +09 15 32.832 2000.0 	raoffset=-132.93        decoffset=84.42
2022xxf_S2      11 30 06.694  +09 16 18.257 2000.0 	raoffset=-11.16         decoffset=39.00
2021krf         12 51 17.44   +00 31 14.5   2000.0
2021krf_S1      12 51 18.157  +00 31 26.470 2000.0 	raoffset=-10.71		decoffset=-11.86
2021krf_S2      12 51 20.973  +00 30 03.769 2000.0 	raoffset=-52.95		decoffset=70.84	
2022hrs         12 43 34.35   +11 34 36.0   2000.0
2022hrs_S1      12 43 38.068  +11 34 18.282 2000.0      raoffset=-54.84		decoffset=17.51
2022hrs_S2      12 43 30.487  +11 35 22.253 2000.0      raoffset=56.56          decoffset=-46.46
2022hrs_S3      12 43 35.625  +11 34 46.692 2000.0      raoffset=-18.94         decoffset=-10.90
2021ahpl        15 15 57.94   -19 17 32.0   2000.0	
SN2021ahpl_S1   15 16 00.912  -19 17 20.63  2000.0      raoffset=-41.84        decoffset=-11.43
SN2021ahpl_S2   15 16 03.051  -19 16 10.68  2000.0      raoffset=-72.13         decoffset=-81.38
SN2021ahpl_S3   15 15 58.180  -19 15 37.13  2000.0      raoffset=-3.16         decoffset=-114.93
2022aaiq        14 26 32.03   +56 35 03.2   2000.0
2022mma         14 39 01.50   +15 59 11.8   2000.0
2022mma_S1      14 38 58.630  +15 59 32.428 2000.0  raoffset=41.56  decoffset=-20.34
2022mma_S2      14 39 06.105  +15 58 58.576 2000.0  raoffset=-66.23  decoffset=13.52
GRB221009A      19 13 03.85   +19 46 22.7   2000.0
BD262606        14 49 02.35   +25 42 09.1   2000.0