#name           RA            DEC             epoch       RA_OFFSET             DEC_OFFSET  
Feige110        23 19 58.39   -05 09 55.8     2000.0      
2017gmr         02 35 30.15   -09 21 15.0     2000.0      
2017gmr_S1      02 35 23.544  -09 22 41.02    2000.0      raoffset=97.78        decoffset=85.72
2017gmr_S2      02 35 33.886  -09 19 07.26    2000.0      raoffset=-55.29       decoffset=-128.04
2021yja         03 24 21.17   -21 33 56.2     2000.0
2021yja_S1      03 24 31.095  -21 33 23.87    2000.0      raoffset=-138.60      decoffset=-32.16
2021yja_S2      03 24 20.024  -21 32 43.71    2000.0      raoffset=15.85        decoffset=-72.32
2022xkq         05 05 23.71   -11 52 56.10    2000.0
2022xkq_S1      05 05 25.503  -11 53 07.68    2000.0      raoffset=-26.45       decoffset=11.61
2022xkq_S2      05 05 18.534  -11 52 40.20    2000.0      raoffset=75.85        decoffset=-15.87
2023ufx         08 24 51.57   +21 17 43.3     2000.0 
2023esp         06 46 53.85   +15 35 54.2     2000.0
2023esp_S1      06 46 55.117  +15 35 21.22    2000.0      raoffset=-18.33       decoffset=33.11
2023esp_S2      06 46 52.196  +15 35 17.59    2000.0      raoffset=23.87        decoffset=36.74
2023bee         08 56 11.63   -03 19 32.0     2000.0
2023bee_S1      08 56 09.349  -03 19 52.65    2000.0      raoffset=34.17       decoffset=20.77
2023bee_S2      08 56 10.902  -03 20 43.04    2000.0      raoffset=10.92       decoffset=71.16
Hiltner600      06 45 13.33   +02 08 14.1     2000.0   