#name           RA            DEC           epoch    RA_OFFSET DEC_OFFSET  
SN2021ahpl      15 15 57.94   -19 17 32.0   2000.0
SN2021ahpl_S1   15 16 05.468  -19 16 48.20  2000.0  raoffset=-106.50  decoffset=-43.88
SN2021ahpl_S2   15 16 03.036  -19 16 10.72  2000.0  raoffset=-72.07  decoffset=-81.36
SN2021ahpl_S3   15 16 00.897  -19 17 20.65  2000.0  raoffset=-41.78  decoffset=-11.43
HIP79156        16 09 20.89   -19 27 25.9   2000.0
SN2022esa       16 53 57.60   -09 42 10.1   2000.0
SN2022esa_S1    16 53 58.063  -09 41 37.268 2000.0  raoffset=-6.83  decoffset=-32.98
SN2022esa_S2    16 53 55.800  -09 42 36.357 2000.0  raoffset=26.63  decoffset=26.11
SN2022esa_S3    16 53 53.394  -09 41 43.753 2000.0  raoffset=62.20  decoffset=-26.50
HIP85871        17 32 50.71   -13 28 55.5   2000.0
SN2022dml       16 17 29.12   +14 25 04.5   2000.0
SN2022dml_S1    16 17 28.209  +14 24 18.579 2000.0  raoffset=13.19  decoffset=45.98
SN2022dml_S2    16 17 35.160  +14 23 26.665 2000.0  raoffset=-87.80  decoffset=97.89
SN2022dml_S3    16 17 27.235  +14 23 56.682 2000.0  raoffset=27.34  decoffset=67.87
HIP87643        17 54 07.86   +16 56 37.8   2000.0
SN2019meh       21 27 17.450  +64 24 59.18  2000.0
SN2019meh_S1    21 27 16.838  +64 25 51.324 2000.0  raoffset=4.13  decoffset=-52.18
SN2019meh_S2    21 27 09.192  +64 26 26.591 2000.0  raoffset=53.61  decoffset=-87.45
SN2019meh_S3    21 27 34.446  +64 24 29.833 2000.0  raoffset=-109.95  decoffset=29.31
HIP106329       21 32 06.74   +48 42 59.2   2000.0
SN2020xkx       23 20 28.170  +22 59 12.84  2000.0
SN2020xkx_S1    23 20 31.611  +23 00 27.184 2000.0  raoffset=-47.43  decoffset=-74.46
SN2020xkx_S2    23 20 22.668  +22 59 50.311 2000.0  raoffset=76.05  decoffset=-37.59
SN2020xkx_S3    23 20 20.090  +22 58 24.961 2000.0  raoffset=111.67  decoffset=47.76
HIP116886       23 41 33.51   +10 12 57.0   2000.0


#backups
SN2022joj       14 41 40.07   +03 00 24.2   2000.0
SN2022joj_S1    14 41 37.379  +02 59 42.406 2000.0  raoffset=40.10  decoffset=41.79
SN2022joj_S2    14 41 42.297  +03 00 13.887 2000.0  raoffset=-33.57  decoffset=10.31
SN2022joj_S3    14 41 49.241  +02 58 15.408 2000.0  raoffset=-137.59  decoffset=128.78
HIP68868        14 06 09.57   +09 53 43.3   2000.0
HIP79156        16 09 20.89   -19 27 25.9   2000.0
2022kad         14 58 43.32   +11 37 50.9   2000.0