#name           RA            DEC             epoch       RA_OFFSET             DEC_OFFSET  
Feige110        23 19 58.39   -05 09 55.8     2000.0
2023gft         21 26 01.32   -03 47 53.6     2000.0
2023gft_S1      21 26 02.087  -03 47 53.532   2000.0      raoffset=-11.18       decoffset=0.06
2023gft_S2      21 25 58.872  -03 47 57.288   2000.0      raoffset=36.94        decoffset=3.81
2023ref         22 10 30.64   +40 53 37.7     2000.0  
2023ref_S1      22 10 30.483  +40 53 23.613   2000.0      raoffset=1.75         decoffset=14.02
2023ref_S2      22 10 27.466  +40 53 21.691   2000.0      raoffset=35.96        decoffset=15.94
2023vyl         23 20 29.66   +17 13 16.3     2000.0  
2023vyl_S1      23 20 25.437  +17 12 25.141   2000.0      raoffset=60.65        decoffset=51.31
2023vyl_S2      23 20 29.604  +17 11 51.660   2000.0      raoffset=0.95         decoffset=84.79
2024fa          02 25 01.37   -24 47 12.6     2000.0
2024fa_S1       02 25 06.151  -24 46 22.85    2000.0      raoffset=-65.25       decoffset=-48.89
2024fa_S2       02 24 53.804  -24 47 37.45    2000.0      raoffset=102.89       decoffset=24.71
2023mut         04 48 34.34   +00 14 47.5     2000.0
2023mut_S1      04 48 39.721  +00 15 02.778   2000.0      raoffset=-80.47       decoffset=-14.33
2023mut_S2      04 48 37.736  +00 13 59.355   2000.0      raoffset=-50.70       decoffset=49.09
HD19445         03 05 25.86   +26 20 05.7     2000.0

####
2024kgi         22 44 43.99   +16 05 07.0     2000.0
2024kgi_S1      22 44 37.419  +16 05 52.606   2000.0      raoffset=94.37        decoffset=-45.40
2024kgi_S2      22 44 47.410  +16 06 35.082   2000.0      raoffset=-49.62       decoffset=-87.88
2024jga         23 36 06.46   +24 03 17.6     2000.0    
2024ryv         00 25 29.99   +20 14 34.9     2000.0    
